{
 "cells": [
  {
   "cell_type": "code",
   "execution_count": 1,
   "metadata": {
    "collapsed": true
   },
   "outputs": [],
   "source": [
    "import numpy as np\n",
    "import pandas as pd\n",
    "from sklearn import preprocessing\n",
    "from sklearn.linear_model import LogisticRegression\n",
    "from sklearn.preprocessing import StandardScaler, PolynomialFeatures\n",
    "from sklearn.pipeline import Pipeline\n",
    "import matplotlib.pyplot as plt\n",
    "import matplotlib as mpl\n",
    "import matplotlib.patches as mpatches"
   ]
  },
  {
   "cell_type": "code",
   "execution_count": 2,
   "metadata": {
    "collapsed": true
   },
   "outputs": [],
   "source": [
    "path = 'iris.data'  # 数据文件路径\n",
    "data = pd.read_csv(path, header=None)\n",
    "data[4] = pd.Categorical(data[4]).codes"
   ]
  },
  {
   "cell_type": "code",
   "execution_count": 8,
   "metadata": {
    "collapsed": false
   },
   "outputs": [],
   "source": [
    "x, y = np.split(data.values, (4,), axis=1)"
   ]
  },
  {
   "cell_type": "code",
   "execution_count": 12,
   "metadata": {
    "collapsed": false
   },
   "outputs": [],
   "source": [
    "# 仅使用前两列特征\n",
    "x = x[:, :2]"
   ]
  },
  {
   "cell_type": "code",
   "execution_count": 14,
   "metadata": {
    "collapsed": false
   },
   "outputs": [
    {
     "data": {
      "text/plain": [
       "Pipeline(memory=None,\n",
       "     steps=[('sc', StandardScaler(copy=True, with_mean=True, with_std=True)), ('poly', PolynomialFeatures(degree=3, include_bias=True, interaction_only=False)), ('clf', LogisticRegression(C=1.0, class_weight=None, dual=False, fit_intercept=True,\n",
       "          intercept_scaling=1, max_iter=100, multi_class='ovr', n_jobs=1,\n",
       "          penalty='l2', random_state=None, solver='liblinear', tol=0.0001,\n",
       "          verbose=0, warm_start=False))])"
      ]
     },
     "execution_count": 14,
     "metadata": {},
     "output_type": "execute_result"
    }
   ],
   "source": [
    "lr = Pipeline([('sc', StandardScaler()),\n",
    "                ('poly', PolynomialFeatures(degree=3)),\n",
    "                ('clf', LogisticRegression()) ])\n",
    "lr.fit(x, y.ravel())"
   ]
  },
  {
   "cell_type": "code",
   "execution_count": 15,
   "metadata": {
    "collapsed": true
   },
   "outputs": [
    {
     "name": "stdout",
     "output_type": "stream",
     "text": [
      "y_hat = \n",
      " [ 0.  0.  0.  0.  0.  0.  0.  0.  0.  0.  0.  0.  0.  0.  0.  0.  0.  0.\n",
      "  0.  0.  0.  0.  0.  0.  0.  0.  0.  0.  0.  0.  0.  0.  0.  0.  0.  0.\n",
      "  0.  0.  0.  0.  0.  0.  0.  0.  0.  0.  0.  0.  0.  0.  2.  2.  2.  1.\n",
      "  2.  1.  2.  1.  2.  1.  1.  1.  1.  1.  1.  2.  1.  1.  1.  1.  1.  1.\n",
      "  1.  1.  2.  2.  2.  2.  1.  1.  1.  1.  1.  1.  1.  2.  2.  1.  1.  1.\n",
      "  1.  1.  1.  1.  1.  1.  1.  1.  1.  1.  2.  1.  2.  1.  2.  2.  1.  2.\n",
      "  2.  2.  2.  2.  2.  1.  1.  2.  2.  2.  2.  1.  2.  1.  2.  1.  2.  2.\n",
      "  1.  1.  2.  2.  2.  2.  2.  1.  1.  2.  2.  2.  1.  2.  2.  2.  1.  2.\n",
      "  2.  2.  1.  2.  2.  1.]\n",
      "y_hat_prob = \n",
      " [[ 0.9734987   0.01842572  0.00807559]\n",
      " [ 0.85503568  0.09538659  0.04957773]\n",
      " [ 0.98462023  0.00831339  0.00706638]\n",
      " [ 0.98611191  0.00560638  0.00828171]\n",
      " [ 0.9948005   0.00333962  0.00185988]\n",
      " [ 0.99548688  0.00029168  0.00422144]\n",
      " [ 0.99868015  0.00071189  0.00060797]\n",
      " [ 0.96797189  0.02298922  0.00903888]\n",
      " [ 0.98810484  0.00187161  0.01002355]\n",
      " [ 0.90220322  0.06508979  0.03270698]\n",
      " [ 0.97723351  0.0081703   0.01459619]\n",
      " [ 0.99235735  0.00502599  0.00261666]\n",
      " [ 0.91612611  0.04923195  0.03464194]\n",
      " [ 0.99670596  0.0003031   0.00299094]\n",
      " [ 0.94010894  0.00009604  0.05979501]\n",
      " [ 0.99464761  0.          0.00535239]\n",
      " [ 0.99548688  0.00029168  0.00422144]\n",
      " [ 0.9734987   0.01842572  0.00807559]\n",
      " [ 0.9383706   0.00418817  0.05744123]\n",
      " [ 0.99893754  0.00037833  0.00068413]\n",
      " [ 0.76919741  0.16325197  0.06755063]\n",
      " [ 0.99652213  0.00179188  0.00168599]\n",
      " [ 0.99985696  0.00008531  0.00005773]\n",
      " [ 0.8907284   0.08121563  0.02805597]\n",
      " [ 0.99235735  0.00502599  0.00261666]\n",
      " [ 0.76059994  0.16881     0.07059006]\n",
      " [ 0.96797189  0.02298922  0.00903888]\n",
      " [ 0.95363485  0.03186156  0.0145036 ]\n",
      " [ 0.90245122  0.07138938  0.0261594 ]\n",
      " [ 0.98462023  0.00831339  0.00706638]\n",
      " [ 0.94610315  0.03226623  0.02163062]\n",
      " [ 0.76919741  0.16325197  0.06755063]\n",
      " [ 0.999897    0.000001    0.000102  ]\n",
      " [ 0.99852399  0.00000022  0.0014758 ]\n",
      " [ 0.90220322  0.06508979  0.03270698]\n",
      " [ 0.89185556  0.07778771  0.03035673]\n",
      " [ 0.82760601  0.10482636  0.06756763]\n",
      " [ 0.90220322  0.06508979  0.03270698]\n",
      " [ 0.99348183  0.00107622  0.00544194]\n",
      " [ 0.94204262  0.04230804  0.01564934]\n",
      " [ 0.98598243  0.00972536  0.00429222]\n",
      " [ 0.73290311  0.2464417   0.02065519]\n",
      " [ 0.99865275  0.00031439  0.00103286]\n",
      " [ 0.98598243  0.00972536  0.00429222]\n",
      " [ 0.99893754  0.00037833  0.00068413]\n",
      " [ 0.91612611  0.04923195  0.03464194]\n",
      " [ 0.99893754  0.00037833  0.00068413]\n",
      " [ 0.99291715  0.00314336  0.00393949]\n",
      " [ 0.98715237  0.00535866  0.00748896]\n",
      " [ 0.93717724  0.04547265  0.0173501 ]\n",
      " [ 0.00063056  0.19168227  0.80768717]\n",
      " [ 0.03571645  0.42221522  0.54206833]\n",
      " [ 0.00164203  0.23789928  0.76045869]\n",
      " [ 0.00028028  0.86812671  0.13159301]\n",
      " [ 0.00922357  0.39971745  0.59105898]\n",
      " [ 0.04295422  0.66543008  0.2916157 ]\n",
      " [ 0.06441429  0.40354693  0.53203878]\n",
      " [ 0.09008661  0.81397259  0.0959408 ]\n",
      " [ 0.00893206  0.36245972  0.62860822]\n",
      " [ 0.14874432  0.65416347  0.19709221]\n",
      " [ 0.00000376  0.98703329  0.01296294]\n",
      " [ 0.06505416  0.60035021  0.33459563]\n",
      " [ 0.00000645  0.77264005  0.2273535 ]\n",
      " [ 0.03530508  0.56903715  0.39565777]\n",
      " [ 0.08371006  0.6483606   0.26792934]\n",
      " [ 0.00758605  0.32402694  0.66838701]\n",
      " [ 0.12134024  0.62134413  0.25731563]\n",
      " [ 0.02013679  0.67208574  0.30777748]\n",
      " [ 0.00000342  0.65893853  0.34105805]\n",
      " [ 0.00469059  0.77218944  0.22311998]\n",
      " [ 0.12121562  0.54622065  0.33256372]\n",
      " [ 0.02362224  0.57809536  0.39828241]\n",
      " [ 0.00118855  0.49983487  0.49897658]\n",
      " [ 0.02362224  0.57809536  0.39828241]\n",
      " [ 0.01904201  0.46078554  0.52017245]\n",
      " [ 0.01138928  0.37260704  0.61600368]\n",
      " [ 0.00172902  0.22964149  0.76862949]\n",
      " [ 0.00659487  0.32436109  0.66904405]\n",
      " [ 0.04079273  0.59469095  0.36451632]\n",
      " [ 0.01082734  0.71905833  0.27011434]\n",
      " [ 0.00160267  0.82875537  0.16964196]\n",
      " [ 0.00160267  0.82875537  0.16964196]\n",
      " [ 0.02013679  0.67208574  0.30777748]\n",
      " [ 0.01519447  0.62161234  0.36319319]\n",
      " [ 0.22928414  0.56768972  0.20302613]\n",
      " [ 0.23084547  0.37217969  0.39697484]\n",
      " [ 0.00758605  0.32402694  0.66838701]\n",
      " [ 0.00003096  0.54027388  0.45969517]\n",
      " [ 0.12134024  0.62134413  0.25731563]\n",
      " [ 0.00632341  0.78865157  0.20502502]\n",
      " [ 0.01810258  0.7492925   0.23260492]\n",
      " [ 0.04730389  0.5579951   0.39470101]\n",
      " [ 0.00902485  0.69768037  0.29329478]\n",
      " [ 0.00641276  0.9217641   0.07182314]\n",
      " [ 0.02995441  0.70366582  0.26637977]\n",
      " [ 0.09492857  0.62251848  0.28255296]\n",
      " [ 0.06641184  0.64386661  0.28972154]\n",
      " [ 0.02999309  0.53846986  0.43153705]\n",
      " [ 0.05283129  0.79668192  0.15048678]\n",
      " [ 0.04295422  0.66543008  0.2916157 ]\n",
      " [ 0.06441429  0.40354693  0.53203878]\n",
      " [ 0.02013679  0.67208574  0.30777748]\n",
      " [ 0.00016575  0.15771132  0.84212293]\n",
      " [ 0.02456937  0.50248528  0.47294536]\n",
      " [ 0.01754828  0.41864786  0.56380386]\n",
      " [ 0.00000002  0.07500071  0.92499928]\n",
      " [ 0.26750697  0.61578968  0.11670335]\n",
      " [ 0.00000662  0.09045222  0.90954116]\n",
      " [ 0.00018773  0.20028896  0.79952331]\n",
      " [ 0.00007103  0.02283126  0.97709771]\n",
      " [ 0.02434269  0.38511909  0.59053822]\n",
      " [ 0.00707331  0.44252795  0.55039875]\n",
      " [ 0.00334255  0.27639878  0.72025867]\n",
      " [ 0.00369195  0.75225013  0.24405792]\n",
      " [ 0.03595853  0.65072007  0.3133214 ]\n",
      " [ 0.03571645  0.42221522  0.54206833]\n",
      " [ 0.01754828  0.41864786  0.56380386]\n",
      " [ 0.          0.00120727  0.99879273]\n",
      " [ 0.          0.01710264  0.98289736]\n",
      " [ 0.00000645  0.77264005  0.2273535 ]\n",
      " [ 0.00174941  0.22567354  0.77257704]\n",
      " [ 0.05368583  0.67462323  0.27169094]\n",
      " [ 0.          0.03879018  0.96120982]\n",
      " [ 0.00919642  0.49851218  0.4922914 ]\n",
      " [ 0.00965542  0.26128343  0.72906115]\n",
      " [ 0.00004753  0.13875768  0.8611948 ]\n",
      " [ 0.02017335  0.54309846  0.4367282 ]\n",
      " [ 0.04730389  0.5579951   0.39470101]\n",
      " [ 0.01286005  0.45359078  0.53354917]\n",
      " [ 0.000042    0.13053994  0.86941806]\n",
      " [ 0.00000065  0.05707757  0.94292178]\n",
      " [ 0.          0.00133336  0.99866664]\n",
      " [ 0.01286005  0.45359078  0.53354917]\n",
      " [ 0.01657899  0.50165052  0.48177048]\n",
      " [ 0.0057698   0.60046476  0.39376544]\n",
      " [ 0.          0.07088228  0.92911772]\n",
      " [ 0.09522244  0.31776153  0.58701603]\n",
      " [ 0.02970794  0.44961547  0.52067658]\n",
      " [ 0.05548823  0.58132794  0.36318383]\n",
      " [ 0.00164203  0.23789928  0.76045869]\n",
      " [ 0.00758605  0.32402694  0.66838701]\n",
      " [ 0.00164203  0.23789928  0.76045869]\n",
      " [ 0.02013679  0.67208574  0.30777748]\n",
      " [ 0.0041312   0.2636899   0.7321789 ]\n",
      " [ 0.00965542  0.26128343  0.72906115]\n",
      " [ 0.00659487  0.32436109  0.66904405]\n",
      " [ 0.00118855  0.49983487  0.49897658]\n",
      " [ 0.01754828  0.41864786  0.56380386]\n",
      " [ 0.1325071   0.34235428  0.52513862]\n",
      " [ 0.06505416  0.60035021  0.33459563]]\n",
      "准确度：80.67%\n"
     ]
    }
   ],
   "source": [
    "y_hat = lr.predict(x)\n",
    "y_hat_prob = lr.predict_proba(x)\n",
    "np.set_printoptions(suppress=True)\n",
    "print('y_hat = \\n', y_hat)\n",
    "print('y_hat_prob = \\n', y_hat_prob)\n",
    "print('准确度：%.2f%%' % (100*np.mean(y_hat == y.ravel())))"
   ]
  },
  {
   "cell_type": "code",
   "execution_count": 17,
   "metadata": {
    "collapsed": false
   },
   "outputs": [
    {
     "data": {
      "image/png": "iVBORw0KGgoAAAANSUhEUgAAAYcAAAEcCAYAAAAsv3j+AAAABHNCSVQICAgIfAhkiAAAAAlwSFlz\nAAALEgAACxIB0t1+/AAAIABJREFUeJzsnXdUVEcXwH9bWEBQQBBFwYYNe4tdEXvssUaxfvYWY0mM\nicYeTaJJLImxJLZYogajxsQeNEaJ2MCOWFFBEaWzLLs73x+Ejesusijd9ztnz4E3M3fue/v23Td3\n5t6RCSEEEhISEhISzyHPbQUkJCQkJPIeknGQkJCQkDBBMg4SEhISEiZIxkFCQkJCwgTJOEhISEhI\nmCAZBwkJCQkJEyTjICHxBhMbG0tiYqLZssDAQPR6fQ5rJJFXkIzDS4iNjTX8ffXqVbZv355hm/j4\neKKjoy3+qNXql8pr164ds2bNMvwfGhqKTCbj1KlTr35iEq/NkiVLGDdu3GvJEELw4MEDw/8PHjzg\n22+/tbj98/cnwI4dOzhy5Ijh/7CwsJfeJxqNBk9PT7N9xsXF0ahRI8aOHWuxPnmdsWPH8sMPPxj+\nV6vVaLVak3pCCFJSUrAkBGz06NGsWbMGgPHjx7N06VKLdAkKCuL27duG/2NiYti5cyeRkZEWtc8J\nJOOQDl9++SXlypXj2bNnAFy4cIERI0bw3nvvvbRd165dcXJysvgzc+ZMo/axsbEkJycb/n/y5Ak6\nnc6kHxsbG8Pfer2epKSk1zndAo+npycymSxTn71796YrLzQ0lDNnznDv3j02btzItm3b2Llzp8nn\n+Yf1i+zZs4cKFSpw/vx5INU4jB8/nqNHj2Z4PnFxcVStWpUvv/zScGz16tXs2bMHSH3ADRs2jB49\nehATE2NWhkqlonfv3oaH2/P89ddfyGQyPvroo5fqMXToUIuv57JlyzI8r+zkypUrRsa4du3aWFlZ\nmegpl8tRqVTcvXvXUHfhwoVcunTJSF5ERARr1qzh3r17ANStW5dJkyZZ9BL56aef0qxZM+Lj4w2y\nevfuza1bt7LiVLMEZW4rkFcZOXIka9asYfjw4WzatInmzZuzZMkSnj59yqxZswgJCSEkJIT4+Hiu\nX79uaFeoUCEGDx7M+vXrM+yjWbNmRg95gPLlyxMVFWV07Pz58yxYsMDoWN26dY3+L168OBEREfj7\n++Pj48OpU6do1KhRJs/61ZDJZKxbt44hQ4ZkWx/r169n6NChFr3NmcPa2pqPPvqIYcOGZVhXp9NR\npUoVlMr/fh5p/cfFxWFvb4+1tTVKpZKQkBAWLlyISqXCysrKSM7t27epVKkSrVu3NtvP/PnzqV27\nNnXq1AGgQYMGdOvWjffee48zZ86Y3BvPU7hwYb755hveffddkpOTmTFjBgqFwqDDBx98QGBgIH/9\n9RcODg5GbefMmYONjQ0KhQI7Ozt69uzJ4sWL0Wq1lC5dmv79+7Nz5046duxI2bJlDe30ej06nc7o\nPK2trfH29sbf399wrFmzZrRp04bZs2cbjpUtW5ZChQqlez45gY2NDSqVyvD/xo0bsbGxoUiRIoZj\ner2e2NhYYmJiKFGiBAApKSmcPn2apUuXcvz4cSpVqgTAypUrkclkhtHV//73P5KSkmjUqJFh9AEY\n9Qlw8+ZN9u3bxw8//IC9vT2Qeh0BFAqFUd3Q0FAqVKiQlZfBYiTjAERFRfHPP//w9OlTnj59SkRE\nBOHh4VhbW+Pn54efnx9VqlShdOnSeHh4ULZsWTp37oyHhwfFixdHCIFMJgNSb4S4uDhCQ0Mz7Fet\nVps87IKDg1EqlYYbqmnTpnTo0MEwwrh9+zZ169bF39+fWrVqAak3tEajycpLkikCAwMpV67cK7f/\n9ddfiY6Ofqlx6dKlC4GBga/ch0KhwNnZ2aIfWpqr4XnjkPbjTXtgq1QqFAoFbdq04erVq2blDBgw\ngLCwMLNl27Zt48yZM/z1119Gx7/66itq1KjBBx98wPLly03aJScnExoaikqlon79+kyaNImYmBju\n3LlDUlISsbGxhIaGEhAQwOLFi7G3t+fGjRtotVq8vLwACA8Px9bW1vAgSklJISIigpSUFAoXLkx8\nfDy//PILcXFxKJVKhBCGuYdhw4axdu1ao+tqKc9fz5wiOjqaoKAgrK2tiY2N5f79+5w8eRJ7e3sa\nNGhgkQwrKyu2b99Oz549ad26NcePH8fFxYUVK1ag0+koWbKkUf3x48cb/p43bx4zZswwKl+4cCEl\nSpTA19f3pf2uXbuW999/n8OHD+fYi54RQkI8evRIjB8/XixcuFBs2LBBHDx4UAQHB4vg4GBx//59\nMWHCBOHl5SW+++47ERsba2h38eJFsWrVKqHRaAzHevToIQCLP1OmTHmpbjNnzhQ7d+40/B8ZGSnG\njRsnbt68abb+n3/+KQBx6tSp17wqOcfgwYOFt7d3tvZRq1Yt8eWXXwohhEhOThbPnj0z+cTHxwsh\nhEhJSRGAOHr0qKH9jh07xPM/l/fee0+0a9fupX36+vqaPa+IiAjh7Ows+vXrZ7bdmjVrBCAWLFhg\nUnb16lUBCKVSKRwcHAwfmUwmAGFtbW103MHBQdja2gpXV1cjOYmJicLHx0ecP39eJCYmiqFDh4qg\noCAhhBDLly8XLi4uQq1WCyGEmD59umjcuLFITk4WSUlJRnLGjBlj8b3+448/vvR6ZQdpv4cXP+3b\nt8+0rMTERNGlSxcRHBwspk2bJgDRtGlTw/3z7bffCjs7O/Hs2TPx+PFjcf/+fREdHW0kIyAgQMjl\nctGpUyej47dv3xaACAwMFEIIcfr0aWFrayveffddodPpXv0CvAbSyAFwdXU1eUtLSEjAycmJadOm\nsWzZMh48eMDWrVvp2bMnxYsXp3Xr1hw6dIjTp08zYMAAw1BbJpMxZMgQ1q1bl25/cXFxnDlzhmrV\nquHq6ppuvfj4ePbu3WsY3gJMnDiRvn37Ur58+dc86zeXHTt2MGDAAJPj77zzDn5+fob/00aD5khI\nSHip2yc9dDodQ4YMwcbGxuzIAGD48OGEh4fzySefcP36dVasWEHhwoUBqFSpEklJSUZ9f/vtt3z8\n8ce4urrSrVs3unTpwsyZM1mxYgU1a9Y028fXX3/NuXPncHJywtramrCwMPr378+RI0eYP38+Y8aM\nMbzpJyYm4uLiYuIegdRRq6VuJXOTv9lN3bp1uXr1KuHh4bRq1YqPP/6YkSNH8ujRI4KDgw1zDi+i\n0+nQaDQGlx+Ara0te/bs4eTJkyxZsgQHBweUSiWOjo4ABreZg4MDer2e5ORkbG1tDe3VajUjRozI\ncAVYQEAAHTt2pEOHDmzatAm5PHemhiXj8AI+Pj5cvHgRnU5HSkoKK1asYOXKlUZ1ypUrR9u2balS\npQrz5s0z8qUmJSVRpEgRAgMDCQkJ4dmzZ0RGRhIWFkZYWBihoaHcvXsXIcRLjYhWq6Vfv36EhoYa\nfJwAx48fx9vbG0j9Yfr6+tK+fXsGDx780ofZixw5coSPPvqI4OBgPDw8mDZtGiNGjDCUazQaJk2a\nxLZt27C3t2fUqFH89ttvREdHc+XKFSNZ6c05JCcn8+GHH7Jz506io6OpUaMGS5YsoWnTpkDqA+P5\nSb80/c3JetmcQ0REBJMmTWLfvn3Y2NjQtm1blixZYmRUn8fW1pZSpUpx//59w7EhQ4ZkyjWXkJBg\n+OFfunSJW7dumTxowsPDjdro9XpGjBjB0aNHWblyJeHh4emuTunduzcymYy5c+dy5MgR1q9fT5s2\nbZDL5QbDEBcXx/vvv4+fnx+7d+9m4cKF6PV6KleujKurK/Xq1WPSpEnMmTPH6CF19epV5s2bx/ff\nf0+ZMmWAVP97jRo1mDJlCh4eHnz33Xf06NGD2rVrExYWhoeHh1k91Wo1x44dM3IZ6XQ6Tp48yfz5\n842OZXbRhE6nS3eOSSaTWeTSKlKkCEWKFOHkyZNA6lyNlZUVBw8eZO7cudjY2CCXy0lOTkaj0RiM\ncJqLLSIiwkTmzZs3qVq1Ko0aNWL16tUmv7vnH+aRkZG4uLgghGDEiBGEh4fTp08fEhISzOqbZpzb\nt2/P1q1bc8UVZyBXxit5mEaNGolZs2YJIYTYvHmz2LZtm9BqtYbyOXPmiLfffjvd9i1bthTDhw8X\nixYtEnXq1BFdunQRI0aMEE2bNhUVK1YU+/btE9evXxeJiYnpykhOTha9evUSgFizZo1RWZkyZcSa\nNWuEVqsVgwcPFtbW1mLdunWGckvcSseOHRNKpVIMGDBAHD58WMycOVMoFAqxdOlSQ50FCxaIokWL\nij179oilS5cKQKxYsUIEBASYyAOMdEhjxowZolChQmLTpk3ir7/+Er6+vsLR0dHgrggODhaBgYGi\nc+fOom7duiIwMFAEBgaKJ0+emMhat26dMHe7JiYmiipVqoiqVauKX3/9Vezdu1dUqVJFNG7c2Kje\n826lXbt2iVKlShmVDx48WPj6+goh/nMr/fnnn4byF91KnTp1EsOHDxdCCLFw4ULh7u4uypUrJzw9\nPQ0fe3t7I7fSTz/9JORyudiyZYto2rRphm6YGTNmiFOnTokWLVoYXZObN2+K+fPnC2dnZ9G8eXMR\nEhIihBDC29tbjB071lDvl19+EY6OjqJChQri5MmTQgghtFqtqFmzpujWrZtISEgQQgih1+vFvHnz\nxPr160VwcLCIiYkRDRo0MHyn1apVE8uWLTO59unRtGlTw2/odShTpky61yazbsg2bdoIQHh6eoqK\nFSsaXIhpfPnll6JWrVoZyrl165YQIvW+GzdunFm3UlRUlHj8+LG4e/euwSV07do14eLiIg4dOiQm\nTpyYrlsJEBMnTsw1V9LzSCOHF3je6tvY2DB79mz8/Pz47rvv6N+/P0FBQfTv3z/d9vHx8djZ2TFt\n2jSmTZsGpI4CPvnkEw4fPoyTkxOXLl3i4MGDPHjwgH79+hkN/aOioujduzfnz5/HysrKMGR9nidP\nntC1a1cCAwM5cuSI4U3cUmbNmkXt2rXZuHEjMpmM1q1bExkZyaxZsxgzZgxWVlacOnWKNm3a0KVL\nFwAWLFhAbGwsDRs2tLif27dvU6ZMGXx9fZHJZHh5efHuu+8alubWqFEDAGdnZ+Li4qhfv36mzgNg\n69atXLt2jWvXrlG5cmUgdbJ4zZo1JCQkYGdnZ9JGpPM2mt7x58vEv4sPLl++bBjBffTRR2aXfA4Y\nMMBodOLr60v9+vWpXLky3bt3x8rKig0bNjBq1CgSExMNbhshBLa2tnh4eNCoUSOOHTtmpEeaW+Tb\nb7+lb9++hrJKlSoZuSx69OhBrVq1GDVqFEWLFgVSJ5D3799PQEAAVatWZefOnahUKmbOnElwcLDh\nO3nrrbc4cOAAvXr14urVq7z11ltG53b79m1iYmIoXry40agEUt/41Wo10dHRRsfTXC0lSpSwaJT7\n+++/pzuaS1vlYwkXL17k6NGjuLq60qtXL9atW8fSpUuZNGkSDx8+xNPT06R+1apVTUYmt27dolat\nWpw8edJwncy5ldKu9fNUrlyZW7duUbhwYX777TejsqioKCZPngzA4sWLmTJlisXnlp1IxuEFXvxx\nde3alZiYGJydnfH29sbX15c+ffqk2z48PBwHBwf8/Pz44IMPePbsGdHR0QghkMvl9O7dGzc3N4oV\nK4azs7ORMUpKSqJOnToULlyY06dPm/wg0/T7+OOPadasGefOncPd3T3T53j69GnGjx9v9ANt27Yt\n33//PdevX6d69erUqVOHLVu2EBERwZ07d4iKiqJq1aqZ6mfYsGH4+flRs2ZNmjdvTpMmTejRo0eW\nLmk8e/YsxYsXNxgGSA0cbNeuXbpt1Go1Dx48MHlA9ezZM902abEnGo2G6Oho7ty5Q+3atTOtb5qe\naQ/UixcvUrlyZSN/fmRkJMnJyWZdOTExMXz22Wc4OzujUCi4c+eOoezx48dERUUZHVMoFKxcuRKN\nRmMwlm5ubnTr1o2AgACaNWtG9erVadasmeGBB9C6dWsGDx6Mn58fhQsXNrkXN2zYwJw5c9I9z4CA\nAD7//HOzZWnLgTMis/ebOYQQTJ48mVatWqFQKHB0dGT69OmG+YN+/foZ4kwgNXCwXr16zJ49m48/\n/thI1s8//4ydnR1VqlQxHNNqtQYjmBZp/uzZMyNDmPYbT3NZpaHT6fjxxx+ZMWOG4TeR9sKRF5CM\nwwskJyfzxRdfsGLFinTrpFl5gKNHjxre/PV6PREREbi5udGoUSO++eYbihcvTvHixVm5ciUnTpzg\nxIkThrY6nY7IyEh0Oh0KhQJbW1tWrFiBj4+PyY104sQJPvzwQ8LCwhg1ahTfffddtkxUpb0ht2jR\ngiVLluDm5gakTpJ269YtU7J8fHy4efMmhw4d4uTJkwb/99mzZ43WlmeFvs+jVqs5c+YMXl5eODs7\nm5R37drVKDo1jZcZrdKlS+Pr64sQgnXr1uHi4oKPj89r6a7T6di9e7dhdJZG2mijdOnSJm327dvH\n//73P8NS2jSEEIaI6ReNlkajQaPRcOTIEcPDRy6X8/nnn6PT6ViyZAkjR440atOxY0cUCgWTJk3C\n19fX5C168uTJTJ48GTs7OxQKBdHR0fj4+NCgQQMuX75MmzZtuHLlCjqdjh07diCXy0lMTCQ2Ntbs\naC67WLBgAX///TenT59m6tSpALz//vsAdO/enZYtW1KrVi0OHToEgIeHB+PHj2fOnDl07tzZ6Le9\nZs0aBg0aZBTnERAQYIgF0Wg0JCUlUaZMGYNxCA8Px8XFxaxuixYt4tNPP2XChAmMHj3asNQ4z5A7\n3qz8z4kTJwQgHj9+bDgWFBQkAHHw4EERGBgo9u/fLzZv3iyWLVsmWrVqJYoWLSp8fHxEtWrVRLFi\nxYRcLheACA8PN9uHg4OD2L59u+jatauQy+Vi4MCBolixYibzEM9jyZxDy5YtxVtvvWV0bPTo0cLB\nwUFoNBqh1+uFs7Oz+OOPP8SdO3eMztEcpDPn8Pnnn4tff/3V5Pr4+fmZ9N20adOX9pHenEPass9r\n164Zjh09etRoWaAQxnMOGWFuziGNhIQE4eHhISZOnCiEEOLp06ciOjpaJCYmiqSkJKNPv379Xuob\nX7ZsmZDJZIYlpGns3r1bACImJsYifYUQYsuWLcLBwUGULFlSzJ4926I2d+/eFcWLFxcNGjQQMpnM\nZJ6gdevWAhB///33S+UEBgYKLy8v4e3tLRITEw1zDg8fPhSenp7i7bffFg8ePLD4XLKSa9euiZ9/\n/lkIIUT79u3FwoULhRBCXL58WcjlcnHw4EEhhPGcQ2JioihZsqRo2LChwfe/adMmAYjr168bZI8b\nN87o+123bp2ws7PLUKe0OQeNRiPOnz8vhDBdyprG80vncxpp5PAvCQkJhuAzc/5QvV5PSkqKYUVD\ndHQ0KpXK6K3g77//RqFQULNmTTp37kzx4sVxdnbG2dkZnU6Hs7Mz48aNM6TOcHR0xNra+qXLWWUy\nGfPnz2fevHnUrFnTKGI1jf3793Pv3j2j6N/AwEBDaH4a7u7uVKlShTlz5tC6dWuGDBnCoEGD8Pf3\nZ82aNSxZssTwViSXy1m9ejVjxozB2dmZmJgYypUrl6mgp5s3b7J8+XI0Gg0lS5Zky5YtyGQyk2W4\nDRs2ZMOGDfj5+eHi4sLZs2eZNGmSRX3079+fL774gh49evDZZ58hl8v5+OOPadiwodEyxJSUFLN+\ncHOkzYmYW3o5ceJE4uPjmT59OgCNGzc2ipB/kRYtWpg9vm7dOqZMmcLEiRNNlpteu3YNBwcHi0dX\nQUFBjB8/nkWLFtG4cWNatGiBEIJPPvnEJGr7+TZdunShTp067Nmzh2+++YaNGzcyZcoUZDIZEyZM\n4OTJk1SuXJmpU6eyd+9eo1GYXq/n+PHjrFixgt27dzN69Gi++uoro/7c3Nw4ceIEQ4YMoVy5cvTs\n2ZMuXbrQsWNHk6jt7KJy5coGV554bpQ5fvx46tWrR9u2bQ3nk4atrS3Tpk3jl19+ISIiAldXV2bP\nno2Pj4/RysGXIYQwLId9cUSq1+sRQmBlZZWha/Lbb7/Fz8+PAwcO4OTkZFHfWUaumaU8Rs2aNYWt\nra1wcnISzs7OJh9HR0dha2sr5HK5EEKIH3/8UZQvX95IRuPGjdN9A549e7Zwd3cXYWFhhtUNUVFR\nYsKECcLDw8NoRVQahQoVElu3bjU6VqZMGfHBBx8Y3mgSExNFp06dhKenpxAi/aAfQIwaNcog5/Dh\nw6JevXpCpVKJ8uXLi1WrVhn1s2jRImFvby8cHR0NAVYuLi7ixIkTJnqSzsghNjZWjBkzRri7uwtr\na2tRuXJls/V0Op2YNGmScHFxESqVSrRp08akTnojByGEePjwoejTp4+wt7cXrq6uYtCgQeLRo0dG\ndSpWrJip4ERA/P7774b2Go1GjBkzRshkMrFr1y7D8fDwcPHo0SMRExMj4uLijD59+/YVTZo0MdIj\nNDRUDBs2TABi4MCBRt/7qlWrxJQpU4Szs7Po0KGD2XN9nnv37hlWhH366aeG40FBQaJ8+fKiZs2a\nYvPmzSI5Odmo3cyZM4VKpRLdu3c3rBwTQoiYmBixdetWUaZMGeHh4SHOnDkjIiMjhZeXl3BzcxOb\nNm0SKSkpQggh1q5dKwDRoUMHce7cOSP5jRo1EtOnTzc6tn//ftGhQwdRtGhRERkZmeG5ZQctWrQQ\nc+bMEUKkrjq6dOmSuHz5spg5c6aoVq2a8PHxMdTV6/WGv0NCQoSbm5vRKFgIIcaOHZvhPWRuJDFu\n3DiT7/fhw4cCEAsXLhS3b98Wt2/fFiEhIaJ+/frC3d09Ky+DxUjGIZOEhISI1atXi8aNG4tevXoZ\njl+9elXY2tqKJUuWmG135MgRUbRoUZObx8nJyeTBnIZCoTB5mPbv399Eho2Njfjpp5+y7ByPHj0q\nrKysxE8//SROnTolAgICxC+//CLKli0rJk2alGX95CRNmjQRW7ZssaiuVqsVpUqVMrgchBDiq6++\nEjKZTKxYscLiPmfOnCkGDhxo+F+tVosmTZoIFxcXsXbtWpP6q1atEm5ubqJ///4iLCzMrMxr166J\nKVOmiGbNmgm5XC6qVq0q9u7da1Lv2bNnYuLEicLKyko4OTmJnj17iqdPnwohhDh+/LiYOXOm0XLJ\n+Ph40aRJEyGTycTQoUNFVFSUoSwiIkK0atVKKJVKcejQIcM1unz5slkda9eunW7k/4tLSHOShg0b\nik8++cToWHR0tKhQoYLo3bu3uHDhQrptY2JijAyGEEKMGjVKNG7cWISHh5t8Hj58KMLCwsxmMhg+\nfLho2bKlyfG2bduaNS7r169/xTN+PWRCvGImszeUp0+fUrFiRerVq8eyZcuMVi5cv34dFxcXs5Og\nWUliYqJhiZ9MJsPe3j5T7p6MiIuL44MPPuDAgQNERESg1+spVaoUbdu2Zd68eS91gxVk/vnnn0wt\n5TVHVFQUcrn8lV0EsbGxtGvXjtq1a9O3b19atmz50mWh9+7d48cffyQpKSnd1UNpXLhwAZ1OR716\n9UzKhBCcOXPG7Aq6N5WhQ4dy+/Zto+jw10Wj0Ri5uKytrTMV3JqVSMbhFdDr9bkW0i4hISGRE0jG\nQUJCQkLCBOn1V0JCQkLChHy7lLVQ0cI4uJsPLsksNsly1Nb5b6/c/Ko3vLruT+9EoFGqwUxCVFmM\njMJFnSnkZHlqhczyJl7z3OZ5vW3isnc+L6uRyxPQ63Mu6M8S4uLu8OTJkwzr5Vvj4ODuwuC9s7NE\nVo3r9lysHJ9xxTxGftUbXl33I59t5dyVw+jbvLB1qgDlGhWdvxqBR4PK5htnAW/iNc9tntfby39w\nLmuTOezt/YmPb5nbahixfLllOcwkt5JEvqJu/1bIg+TwYiblQBl2hYrg/pZlQUoS+Y/8ZhjyO/l2\n5CDxZuJUtjgdF47g94/WQkXQFtGgemCDVZINfTZPzbVlfxLZi2QYch7JOEjkO7w6N6Bs06pc/e0f\nEiJjcH3Xgwpt6qCwkm7ngohNnDP5zxmW/5F+TRL5Elsne+oObJ3barwRWOsVNEwqjaPONuPKWYiV\nOnVhgbysGr3+ao72nVXI5Q65pntSkg337rmj05nPr5URknGQkJB4KQ2TSuPp5E4hp8I56raziUtd\njahQxKHTFc6gdt4kt3QXQhAXFwXc5/btcq8kQzIOEhISL8VRZ5ujhiHNKEi8OjKZjMKFnbG1Nb9H\nuSVIq5UkJCQyRDIM+Y/X/c6kkYOEhESm+OHxIZL05vd2fhVs5SqGubaVDEMeQxo5SEhIZIqsNAxp\n8iwxDG+9VcEieZ988v7rqvRSLl68wMWLF7K1j7yAZBwkJCQKFAsWfJOt8i9dusClSwXfOEhuJQkJ\niXxJt24tqVPnLS5fDmbHjgNGx3fv9gcgKSmJYcN6ExcXi7OzC2vXbkepNH3smaun0WgYN24QT548\nxsurBl988S3z5k3n9993AbBjxyb8/I6QnJzMhAlDiIh4SMmS7ixbtg6dTsewYb2Jj39G0aLFWbt2\nO2q1muHD+5CcrMbdvQzLl6/Lkev0qkjGQUJCIl9y9mwAI0a8x+zZX6ZbJyTkCnK5nL17j3PkyH4S\nEuKZO3caoaH/7fvdvHkr2rbtZFJv69b1eHlV58MPZzNkSA8uXw5m5syFVKiQmrurX78hAGzatIYq\nVaqzevVWvvxyDlu2/EidOm8hl8vZt28/Bw/+TUJCPE+eRPK//43D27sNfft24PHjR7i6Fs/Wa/Q6\nSMZBIkeJuHSHh+dvUqFSG5Ljk7C2z9nAKomCQ5Uq1encucdL69SsWZcqVarTu3c7ypWrSPPmrViy\nZJVJPSGESb2bN68TGHiSv//2JyYmmvDwB1SrVtOkbUjIFTp1StWjbt2GHDnyB4MHj6JKler06NGN\ncuW8aN68FVZWVmzevJatW9cRHf0UtTopay5ENiHNOUjkCMmxifzUbwGbB3/Gn3u3EfvkCSsaTeTK\n3oDcVk0in2Jnl3Fq9kuXgmjQoCk7dhwkJuYZAQF/WVzP07MyI0e+z+7d/nz88Xzc3UsDYGNjS1JS\nIpBqVCqvTkKnAAAgAElEQVRXrsaZM6n38dmzAVSpUs0gz89vt0He5s0/0KVLL1av3kqhQnkrjbc5\nJOMgkSPsmfo9EdrbaMdp0HZMQTgJtAM0/DHjRx5dvpvb6klkAlu5KkvlFTK3OUcWUbp0WdasWUbH\njk14/DiC2rXNp6s2V2/gwBEcOfIHXbq0YP367ylVygOAli3bsm+fHx07NuXUqb8YMGA4169fpkuX\nFty6dYN33x1ikNe+fRuDPG/vtixdupB33mkFQHj4g2w776wg324T6laznLSfQz7RO/ZhFKvbfYTu\nvRT497myuNJipoZMRXZChpdDQ7osGZ27SlpIfrnm5nhV3bvGVqV0pVdLwZDG68QwSOkzXp3bt69y\n5YqX0bHly+tz5syZDNtKIweJbCfqZjjKUkqDYXgeUVrw6Pq9nFdKIseQgtvyJ5JxkMh27Is7oY/U\ngbkdKp9AkRJFc1wniZxBMgz5F8k4SGQ7xSqVwqFUMTjzQq6XRLD6x5r6A9rljmIS2YpkGPI3knGQ\nyBHeWTYB27P2WP1iDeeAOFCuVVGrqzflvGvktnoSWYhNnItkGAoAUpyDRI5QtFwJRh/9ksu/nuTu\n6SsUUhWm//rpuNV8vYlOiZzHbfmPKBKybo2+3taOp/+bmmXyJLIGaeTwhhMb/pQruwMIOXCWlKTk\nbO1LZWdDHd9WdF86niIlnSXDkE/JSsMAIE9KsKheXkm8lxmmT5/2ym27dWuZdYq8AtLI4Q1Fl6Ll\njxnruPbbP8grKJElg5iqp82sgdTs1Ty31ZOQeGWyO/FeZli48HN0utzW4tWQjMMbiv8X27l+PhDd\ne1p01trUg4/h0IJNOLoXo3SjKrmroIREBmRl4r2vv/6MypWr0rFjd5YuXUSZMuVp166zSeI9c/2+\nrI8uXTry66+pUdlqtZoJE4bw8OF9HBwcWbt2OwqFwiRpn0pluubbXHI/lUqV7jXICiS30huIJjGZ\nC1v90XbSgPVzBa6gbabh5Ko9uaabhISlnD0bQP36jV/6UHw+8d7AgSNJSIhnypRRdOvW0vBZvHgu\nXbv24siRPwA4efIYbdt2YuPG1Xh5VWfv3uM8fhzO5cvBZvs114c5Nm5cTbVqtdi37wSdO/fk2rVL\nhqR9e/Ycw9OzElu2/Gi2bXr1LLkGr4o0cngDibn/BHlhOTiYKSwHj7dLQWkSeZ+sTLwHqeks4uJi\nKVLEATs7u3QT773Yr7k+zBEaeo3OnXsC/2V03bZtvUnSPnOYS+5n6TV4VaSRwxtIISd7dLFaSDFT\n+Axsi+bPVAUSbxZZmXgPoG7dBqxa9Q0dOnQFSDfx3ov9WtpHhQpVOH8+EEh1Y/3001qzSfvMkV49\nS67BqyIZhzcQu2IOuNXxRPbPC1+/FqxOqajXr03uKCaR57GJc0Fvm7UZRbNa3vNYmngPoEuXXqxa\n9Q3t23cBSDfx3qv2MWjQSIKDz9GtW0uCg8/Ru/dAs0n7zGFpvaxESrxH/k2m9jp6x9x/wsbec9EU\nU6OtpAE1WF2wplSlivRePQm5UpHF2hrzJl7z3CYrEu/lRnBbbievex1yW/fXSbwnzTm8oTi4uzDy\n4Odc3PkXoX8FobK1pubs5pT3qYVcIQ0oJYyRIp7fPCTj8AZjXdiW+kPbUX9owc1tFBMWSWTIA+xc\nilCiZjlkMlnGjSSMsFJnn19bIu8iGQeJAklyXBJ7Jq/kbsBVlB5K9FF6CtkV5p3lEyherUxuq5dv\n8PIfDFWv5rYaErlAjvkPHj16RJ06ddItHzZsGE2aNGH+/Pk5pZJEAWbXhGXcfXYF3YQUkvskkTI6\nmZjaT9gyYBGJT+NyW718gZf/4NxWQSIXybGRw9SpU0lKMp+Txc/PD51Ox8mTJxk7diw3btygYsWK\nOaWaRAHjSehDHly4iW689r87XAbUBP1dHRe2+dNkbJfcVDHP8zLDcOgQaDRZ15dKBW3bZp08iawh\nR0YOR48exc7OjhIlSpgt9/f3p0+fPgC0atWKEydO5IRaEgWUiKDbyMrLzL76aMtpCDt3LeeVyid4\n+Q/OcMSQlYYhM/JyK/He68izNPFeXkoWmEa2jxw0Gg1z587l119/pXv37mbrJCQkUKpUKQCKFClC\naGio2XqrV69m9erVAKQ8iqfG9ayZKLNVK7JMVk6SX/WG7NW9UpkWtBpaBeFsZpV2SbBR2OP4in0X\n9GtuY+9vckwud0CheN4Vl/VLM43lv4gOhSIOmUyfQb1UFi2aB2Sd6/B15C1c+JlFbbNa5zTkcjX2\nZr5TS8h247Bo0SLGjRuHo6NjunXs7e0NLqf4+Hj0enP7ScLIkSMZOXIkkBrnkFXrzfPr2vX8qjdk\nr+7a5BRWjJhBcvckeH7uOQmsflTR57upuFe2eSXZBfWap40WzJXq9Vezfa3+y+SnxQoIITeql92J\n97p372Miz1y/SUlJDBnSg2fPoihb1hMvrxpMmvQxAN27Nzck3vvii9mkpKTwzz8niI2N4eef91O8\neAmTPswl6NPr9Qwf3ofkZDXu7mVYvnydRddVr7chPj79ud6Xke1upcOHD/Ptt9/SsmVLLly4wPDh\nw03q1KtXz+BKCgoKomzZstmtlkQBRmltRdevx6D8RYX8TzncAs6A1XprqndqRqn60nzW8+TXiefs\nTrxnab83blyjZEl39u37mzt3bhoMgzlu3w5lz55j9OzZnxMnjpqtYy5B36NH4fzvf+PYtu0PwsLu\n8PjxI0su0WuR7SOH48ePG/5u2bIlkydPZsaMGUarkrp3707z5s15+PAhf/zxBwEBAdmtlkQBp3zL\nmgz9dS6B6w8QfvkW9sUcqftFG8q1qC7FOjxHfjUMkP2J9yzt182tFEFBZ+natQUjR058qT59+gwC\nwMXFFU06ky3mEvSFhd1l8+a1bN26jujop6jVWbvhkjlyNM7B398fwGS5apEiRfD39+fQoUN8+OGH\nODiYSxcqkdcJO32dx1fDKFWvAiWql81tdShavgTt5+bfh192k58NA2Qu8d6MGZ8xalR/AgL+okWL\n1mbrvph4z9J+jx7dz5QpM+nU6R0LdM44j1Ragr4WLVrz9defUayYK/fv36NLl15069aHbt28M5SR\nFeSZIDgnJyfDiiWJ/EXEpTtsHbwITZwanICnYOtSmEHbP8XRo1huqydhhtcxDCpV1i9lzS5Kly7L\n3LnT+OabBVhb22SYeK9z52acP383U33UqFGHd999m7Vrl+Pi4srkyTPw8qr+yjoPGjSSceMG0a1b\nS5ycnPn++82cO3eaadPGsn7990DqKKd06bKv3IclSIn3yL+TjHlBb028mm/eGot4Sw8tSH3d0AAH\nQBmqYtL575HLTae28oLur0J+1RtSddeG98x0u6pVr1KunFfGFbOJ3E5elxGbNq3Bz28rSqUVVlZW\njBs3laZNWwK5r7uUeE8i1zj+lR+iqB6e399EBXQC7VIN5zcdpd5gKQW4RMFl4MARDBw4IrfVyHKk\n9JsSr8WdU5fA3P4kcqAq3DxyIadVkjCDl/9gbOKcX7l9PnUwvNG87ncmGQeJ18LavlD6sTuxYF2k\nUI7qI2HK6048JyXZEBcXJRmIfIQQgri4KJKSXi2eByS3ksRr0nh0Z34Z+w00A55fiPEMuA5Nvu6W\nS5pJQNasSLp3zx24j61t5Osr9ArI5Wr0+ld/yOUmual7UpLNv9/dqyEZB4nXokLr2rjV9CR81U3w\nAYoD9wF/qNSuPsUqlcpdBd9QsnKZqk5nxe3b5bJMXmaxt/d/5Sjf3CY/6y4ZB4nXZtCOmZxYupuz\nWw6QnKDG1sGOJtO6SRPRuUR+j1+QyBtIxqEA8/jKPe6cvEKpuhUoVdeyjJavSrOJ3Wg2MWddSPGP\no0l6GoeDRzFUdvnT7ZDVSIah4BEdHUFcXCTFipXDxubVkz7q9ToiIkIsri8ZhwLI0zuPWNd9Jtp4\nTeo8QALIbRT03zg9241EThD7IIq901YTfv4mCgcl+lg9NXo3o/X0/ihUb+4tLRmGgkVU1D1Wrx7D\nzZunUCrd0OvDadZsKP37L0SpzFzk4KlT29i69WOSk6F69aIWtZFWKxUwdDoda9/+CG0pDUwi9TMV\n9NV0/NRvPpr47M/Jkp0kxyexsfdcHljfQPe+Fs1INdqRGi4GnOC3aatzW71cQzIMBYukpDjmzvXh\nxo0maLUPUKsvo9Fc4sSJ66xePTpTss6c2cW6dR8SG/sTycm3LG4nGYcCxt9f70bIBfTgv9VDNkAH\nwBF+m7wm95TLAi7vOonGOQnRXA9W/x4sAtp3NNw4fJ7osNxZUZNbWLI5j0T+4+TJn0hKqoVe/wlg\n++/Rkmg0P3P+/B4iI29bJEcIwfbtc9Fo1gBNMqWDZBwKGNf/OJ0alKZ4oeDfbTLv5fNd0G6eCCKl\ngpnEPiqQe8q5H2i5T1VCIq8SFHQMjcZcxlk75PK2hIRYtltmUlIsUVGhQOb3YX1zHbQFFKW1ChLT\nKUwChZmNTvITKlsbUJsvkyXLsLLNxixueQhptFCwsbGxBaLNlslk0ahUlgWXps5N6Eh9KGRuMlsa\nORQwvKf1gmtA7AsFauAs1B/ULhe0yjpqdG+GVZA1aF8oiAT9fT3lWtTIFb1yEskwFHyaNeuLtfUq\nIPmFkqvo9aepUaO9RXJUKluqVOmATGZ+D4uXIRmHAkZ575o4li4Gq4FgIAq4CqwBVSFbGo/tnLsK\nviblWlSndE0vlFtUcIPU8zsLyi0q2szwLfBLWiXD8GZQvXo7vLyqolK1Af4g9WZfg0rVFl/fxZla\n0jpw4CJsbBYjl08j9aFgGfnbxyBhllFHv2TPeyu5tv80QitAAWXrV6PX+sm5rdprI5PL6fHtewT/\nfJyzWw+R+CSWYlU8aLKyK6UbVclt9bIVyTC8Ocjlct57bwvHj//IoUPziI19hIdHTbp23UyVKpnb\n7KdEiUrMn/8Pv/32FefP9wYsSyEu7edA/s3Rn5HeWrWGxKg4bIvaY2Vr/Vp9JT2LR5ucgr2rAzIz\n+zMApCQlk/Q0nkLOhVHavNz3X1CveXaQVUYhNZVDyyyRlZPkV70hb+ou7efwBqNNTuHPz7cRvP0v\nZFag1wgqd3yLdp8OxLqwbcYCnuPx1TD2z1rH44v3kFnJsC5cCO8pfajRo6mhTnJcEofmbeLavkDk\nKhkiBWr2aY7PtHdRWlu9RLpERkijBYncQjIOBZBd45dx7+E1tMNTwBGIh+v+p3ky8D6Df5mNXGHZ\nVNOzu4/Z3G8BmmZqmAIoQHsvhoMLN6BP0VKrrzdCr2frwEU8UT5AN0aLzh6IhuDDx3k27hF91k7N\nzlMt0EiGQSI3kSakCxiPLt3l3tnraN/51zAA2IOuo5ZnUY+4ffyixbJOfb+XlFrJUJ/U1wgZUAa0\n3TUcW7IDvU7PrWOXeBoVga6j9r+Vco6g7Z5C2PkQHl3K3H68ElJgm0TeQDIOBYw7J6+gr6wzHRPK\nIaVyMjePBVks69bxIEQ1M1NSpUBLCk9vR3DreBAplZNN7yQl6CvruHPicqbP4U1GMgoSeQXJOBQw\nFFZKZNp0vtYUWaYS08mtlJBipkAPIkWgsFKisLICrcxse1mKHLnVi6HaEukhGQaJvIRkHAoYFdvW\nSY1rSHihQANWl63w6tjIYllVOzdGcd6MMQkBexdHHEsXw6tTA5QXreDFjBaJwDWo1L5eJs/gzUNy\nI0nkRSTjUMBwcHeh3sDWWG1WwXVSjcQtUG5V4dmsNm61LN/Rq+Hwtyn0uAjyfQp4TGrU9T+g/F1F\nhzlDkclkuNUqT0XvOlhtVcGtf/sLAavNKuoOaI2Du0u2nGdBQTIKEnkVabVSAaTlh30pXqUMJ9fs\nJfa3J9iVcOCtYR2o098Hmcy8C8gcto72DPl1Die/28OVnafQJqfg0aASzTf3pESNsoZ6XRaP4vyW\nPwncsJ+EiBiKlHGh8QedqdqtcTacXcFBMgwSeRnJOFhAilqD0AtUhV4vkCwr0Wm0CL0eIYTJA18m\nk1G1W+MseTgXKlqYNjN8aTPDN906MrmcugNaU3dA69fu701BMgw5j1odj1yuRKUq2ClWsgrJOLyE\nR5fucnjhZh4EhgJQrJo7raf1z9U0DXGPnnFkwWZuHDzPFws+Z+Xoz2jxXg+q92yWazpJZA7JMOQs\n58/v5eef5/D48RVkMvDyepsBAxZRokTF3FYtTyPNOaRD5LUwNvt+xn2nEMQHesQ0PY8977Fj5Ffc\nPXk1V3RSxySwocdsQp6dQ/+eDtwgzucpB77YyOkf9ueKThKWI0085zz//LODlSvHEBExB70+Hp3u\nEZcvN2LuXG+iou7ltnp5Gsk4pIP/VztIafRvAJgVqZvnVAdtOw1HPt+cKzqd33yUZNdERGs9pKVz\nLwvaPhpOLN1FStKL6X0l8gqSUch59Ho9W7ZMR6PZAnQi9XFXGCE+QK0eyN69S3JZw7yNZBzS4e5f\nV6CmmQIviLoWTnJczu/FfO1wINpqZgIPnEHmIufh+Zs5rpNExkiGIXd4/DiUpKQUoLlJmV4/kHPn\nfs95pfIR0pxDeshkYC5frQCESE0lkcPIZDLQp1OoJ91sqRK5g2QUcheZTE7qLmjm0CKXSwGaL0N6\nmqSDZ5tayM6bsQAXoXjtMljbZy67aVZQrVMTlMEqU6P1CIiBknU8c1wnCfNIhiH3cXX1xN7eATho\nUqZQ/ECDBt1yXql8hGQc0sF7Ui+sztnAX7LUwC41cBqUf6poM31AruhUq6839moH5L8r4CmpRuIq\nKLeraD29n5QeO48gGYa8gUwmY8iQxVhZDQI2khq2/xC5fDqFCu2lY8dJuaxh3kYyDulQtFwJBv8y\ni0qF6qJYrkS2RE4ZdVV8t3yca2/oKjsbBu2cRa1q3lhtsIZwKHbNnW5fjKVmnxa5opPEf0irkfIe\nNWu+zdSpO6hQYTMymSNWVlVp1CiKOXNO4OhYIrfVy9NIcw4voWj5EryzfEJuq2GEraM97WYPot3s\nQZS4bs//ds9/aX29Xo88g7kIc4F02Uk+3XxQIp9SuXILZsyQXp4yS44Zh6dPn3L27Fnq1KmDi4uU\nb+dVeXo7gl/GfMPT0AgWL1rM4l4f8dbA9nh/2NtQR6/V8uv47wg9dh6RJMAaPOpXpteqSajs/4sO\nvXvyKv5fbyfi7B0U1goqdqiLzwd9KVLSOVt0v3HoPMeW7iDqykOWLF7C/k178J7SG1snyzdLz4tI\nowWJgkiOuJXCw8Pp1KkTp0+fxsfHh8jISJM6Wq2W0qVL07JlS1q2bMnFi5ZvSvOmEPfoGWs7fszT\nQhEwHnADXSctARv2sXfyKkO9tR0/4caFc4h+Aj4FhkDYg+usbD0VvT51udPNoxfYOeZrIjxuw3SB\nbpyW61GBrO8+i/jH0Vmue9DPx9jz0Uqiqj2ET0AUE1y8cYL1PWbnyrLgrEByI0kUZHLEOFy+fJmv\nv/6aTz75hPbt23Pu3DmTOsHBwfTr1w9/f3/8/f2pUaNGTqiWrzgwYwPCQw9dSd3lTQZUAQbBlb2n\nUMclcvuvSzy78wiGAKVJ/YbdgAGgTorn/KajCCE4MGcj2i6a1FgOK8AeRCtBsmcSAav3Zane2uQU\nji7ahraPBrxIDShUgP5tHYmFYwj6+ViW9ichIfH65IhxaNOmDY0aNeL48eOcPn2axo1NE8IFBASw\na9cumjVrhq+vL1qtNidUy1fcPXM5NWL7RYoDTnBx+1+c23gEqgEv5hZTAvUgaOcxou8+JikuHszM\nq+tr6bh2IDBL9Q6/cAsc/tXzBbQ1Urj8+8ks7S+7kUYMEm8CMpFDs4NCCMaPH8+1a9fYs2cPdnZ2\nRuWBgYG4u7vj5ubGuHHjaN++PV27djWqs3r1alavXg3AnbC7LN30fZboZqtWkGSTXrBM3iHiyl1w\nEIYHv7u1O/eT76f+EwmFXYqiiU8iWZf03/7RzxMHSq0KR49iRN16iHA189WngDxGgWtljyzTW5Og\n5tmDxwjn/yL4DLqrQalW4eJZMsv6yy5s4pxRKOLR6fLnHEl+1T2/6g15U/eFC6dy5syZDOtlmXGI\njo7G0dHcE8mYmTNnUr16dfr27Wt0PDk5GWvr1JTYy5cvR6PRMGXKlHTluNUsx+C9s19L5zRqXLfn\nYuX4LJGVnWwfupjbjy5Bn9T/F1dazNSQqfAE+B4mnFnBgzM38Bu3FKYAquca64Dl0HJMXxqMaM+3\nzSeR0DYGyhr3IT8sp6anN+3nZN2bcYpaw/KGE0gZmAwuxrord1vRpF03Go/pnGX9ZRde/oOxt/cn\nPr5lbqvySuRX3fOr3pA3dV++vL5FxiFDt9J3330HQEpKCitXrjRbR6/XU6FCBZ49e2a2/PPPP2fj\nxo1A+kZk4MCBBAUFodPp2LVrF7Vq1cpQ+TeN9nMHI7spgwP8tw3oLWAjVGhbl0KO9lRsU4cibs6w\nidTIaYAo4GdQKWx4a0R7ZHI5bT4ZgHK3Cq6RmpJDDbITMqyu2tB4ZNY+qK1sVLSY1BPl9n93ixOp\nfcoOy7GJtKNOf58s7S+rkdxIEm8iGRqHWbNmpVaUyw2GAiAqKsrw95MnT1Cr1Tg5OZmVMXLkSDZt\n2kSLFi3Q6XS4u7szY8YMozqffvopAwcOpHbt2jRu3Jg2bdq80gkVZBw8ijF412wKPywKS4CHINsp\np1YXH3qufM9Qb8T+hZQu6wU/AHOBlVDcrgyjjiw2xDxU6fgW3ZeMxTnYDdlCOfKv5JST12DwL7Mo\nUirrl7LWH9KODh8PocgJZ2QL5fAIKrvUZ7DfbGwc7DIWkEtIRkHiTSXDOIdChQoRFBTE8ePHiYmJ\nYdWqVVSqVIn333+fyZMnM3jwYO7cuUPt2rXTleHk5MShQ4eMjs2fbxy8Vb16dYKDg1/xNN4cilct\nw9hjX6FVa3C96cDUS2tNgtyUNir6bZqGXq8n8UkshYraI1eaftWerWrj2ao2KWoNcoUchVX2hr1U\n696Eqt0ak5KkocQ9Z7r1HJut/b0ukmGQeJPJ8Gkgl8t59OgRZ86cISEhgcOHD3P58mW0Wi2rVq3i\nwoULeHh44O3tnRP65igx959wYvkuQg6eQ+j1lGtRnebv9cClYqlMyzr25S+c2bwfbVwKMpWM0m95\n0f3b8dgULpRx4+eIe/SMXeNWEH7xFos/+5Klg2bQdHQ3Gox421BHCMHlXSc5teY3Yu/9u4f0oPbU\nGdAaueI/QxIedIvjy/x4cDoEhbUSr86NaTq+G3YuRTKlk1aj5bdJqwj58ywiWY+8kIIaXZrTbv4g\nE8Mlk8lSt1vNhay2lvKiUUhKimP/bwv45/iPfDh7OptWfkLbHvOoWrVVpmXfuhWIn98iQkL8USpt\nady4D926fUSRIq6GOrGxkezevZBTp7aj1SZRsaI3PXtOp3z5t1773CQkLOWlbqXExET0ej3t2rVj\nw4YNlC5dmkWLFiGEwNrammPHjnHjxg0+/fRTevXqlVM65wgxYZGs7/Ypl8NPohmURMqwZG6oz7Gx\n11weXb6bKVm/jF5KwIa9aNulwBQQvoK796+w0nsyWrXGYjmJT+NY1foDwhNvwlABxUHTXM2fS37m\n4KxNhnpHF27j4JINPK0bjnZcCjHNn+C/YQd7Jn1nSF1x9+QVtgxcxB3rS6SM0qB+N5Gga/6s7/4p\niU/jLNZJr9ezuu0HXD8fiOijhymg76oj6IA/G96ZbbGcvMKLhiE5OZGv5jXC5sA3HIiLpIbQ837o\nSdZ/04WAgK2Zkn3lylEWLerEpUut0WiukJh4FH//FD79tClxcU8AiI+PYtaspvj7J5OYeASN5gqX\nL7dh0aJOXLlyJMvOU0IiI9I1Dr///jslSpQgLu6/B4VMJjPKwWNlZYWHhwdqtZqSJfP+UsTMcOzr\nnSRXT0K0EuAEFAHRVJDSPJlDC36yWE7sgyhCD5+HYUBVUndwcwd8QaNUc+LrXy2WdXDmRnTFtNAb\nKEHqt1cbGAjntx5Bk6gmJiyS81uOkuKrgYr/9lcWtO9quHUqmPALtxBC8Men69B21EADwB5wAX0H\nHUlu8Zxea/kmKJd2/k3ck2epQXdl/+2vIjAMHl+9R9jp6xbLyi0Wrb9j+Ay+M8eo7MSJdZR7coet\n2mRqkjrUHgTs0ySyc+NYtFozmy+ZQQjBunWT0GjWAGNJDfqohE63nPh4H37//RsA/vjjG+LivNHp\nvgUq/1tvLBrND6xbN1nKSyWRY6RrHKpVq8aWLVtwcHAgJCSEdevW8fTpU/z8/ADQ6XT4+vry8OFD\npk+fzrZt23JM6ZzgxsHziHpmfoi1IPzMTTSJlm3JefqHA+BBqoF5HgXQAC79/rfFOt08FQSNMHXJ\nlAKKwMUdJ7hx6HxqFPKL3ioVpFRL4erv/xATFknCkxioZNqHro6Wy78FWKzTuc2HoR7Gy2b5t/+q\nELg2b+5t/bxBeJHBd+YYjETwifWM1ySaXPL6QEm9nps3LbtWkZG3iYmJBLqYlGm1owgI+AWAkyd/\nQasdbUZCJ2JinvD4sbTbn0TOkK5xKFOmDJ07py5pfPDgAX/88QdxcXEEBgZSvXp14uLiqF+/Pr/+\n+isDBgwwGI2CgtDqzc/IKACZDKG1LGhOp0lJTU9hDivQ69Lb2s2MTnqR/iyRErTqFHRaHUKZjkyl\nQJeiRZeiQ6aUmf/2laC38NwAdFpt+uenAp0m7wQXvswgmGPwnTk4JIaZBJunYSMDnc4yt6BOl4JM\nZo35i26LTpdiqGca3g4gRyazMdSTkMhuLEqf4ePjw+bNm3Fzc+Pnn39m1KhR6HQ6Jk2ahEwmo3Ll\nyty9e9eQ1K0g4N6kElwyU3AdnDxdsS5i2URyrXe94TbwYm45AZwHz8bmNqo2T8mqnhBkpuAZ8ASq\nvdOYsk2rIr+mgBezj+jB6ro1nt61cSpbHKXCCu6bipJdluPpbXmMiVf7BnAB0+1LtcBFqNajicWy\nsjhnew4AACAASURBVJrnjYGlBuFF2lapwjaF6XaSd4BrOi3lyze0SE7x4hWwshLAPyZlcvlWatVq\nB0CtWu2Qy82Nwk9jZaWjRAkzwz0JiWwgQ+OQNscgk8kYPfq/4e7vvxv7pT09PQkPD89i9XKPlpP6\noDyhgmBSo4v1QAgoD6ho9WE/i+WUqF4W5wpuqUFpacloE4EDIHskx+eTdy2W1X7e4NSgtWNAmlfr\nIfATlG5cBXtXR4pXK0OZBl4o/axSjQZAHCj2KSnqXILy3tWRK+T4fPguyl9VqU85AaQAgWAVpKLx\naFPXR3o0GtsJpVYFu1L7AVL73Qa2joWp2rWRxbKyitcxBi8yukEDDltb85lMZji9c0AnVSE6dJqG\njY1lqRHkcgXvvjsPlepdUr9AQer2gt+jUq2mS5fUbABdukxBpVoNrPy3XADHUan60rfvHGnfY4kc\nI8OlrM+ePcPe3h6ZTIZSqWTBggU4OztTsmRJ3N3dadiwIR07dmTHjh0ULVo0J3TOEUrUKEvfdR9w\naN5Gov4IBzkULlWUNl/7Ur6l5W/7AP/bO4+fhyzh3uqrqW6pFLAr6Ujf3R9QqGhhi+U4e7rR/6fp\n+E1Yhvp4AnwBrIdKberTbcV/MQPdl43n2OIdBK07hpALSBF4dW1I6098kf27tLRGz2bIlXL8l+wg\n6Vk8QqunRK1ydNg2GKcyruYVMINcqWTkwc/ZMnAh0Usfp95RWnCtVpp+uz6yWM7rklXG4EVc7Ow4\nNmIEk/fupeTduyyQyVhSqBDTvL0p1HVmpmQ1azYQuVzJjh2jiI+PQq9Pply5xgwefBhX19QsiK6u\n5Zkx4wjr10/l9u1pyOXW2Ns707v3ZzRpYvlLiYTE65JhbqWHDx+i/DeASgiBWq0mISGBiIgIQkND\nOXr0KPv27WPo0KEsW7YsR5SGnM2tlPg0DqHTU8ilyGvtmKZJVBMVGk7hEk7Yu2ach+plxIY/pcGj\nElyqmohSZd7Ga5NTSHwah62TPVY2L84YpyKEICEyBqW11WtHKidGxxN99zFFy5fIMH4jq/JZZZdR\nMEesWs0/1arR6sYNFP8a2Q1lZ2VajhCCmJgIrKxssLMzn1UAICHhGSkpahwcSmTJTn15Mc+PJeRX\nvSFv6m5pbqUMRw7pLVGtWrUqrVq1YuTIkTx+/Jh7/2fvvMOjqLo4/G7fdEJICGmkAAm9BEKRXgQB\naVKkiQqiIKIgShEQuyDqByiKiFRBiiBNOoTeAyEkEEJoISEhvWd3dne+P5aSsgkbslTzPg/Pozuz\n9565mZ0z997zO+fGjdJb+YxQmrf7klBaq6lSz6dMbQh5WkKW7ebs2n1UHzOZf35Zyguje1Klvm+B\n86J2neHY71tIuZqAnZsjTYe9RK1ezYs8ZCQSSZkd1V2sK9hiXeHRZqB8nM6gMPZqNQqZ7J5jAAqE\nvprrKCQSCRUqVCn2eHLyDRYuGEbU5bMYRD2VHN0YNHQWDRv2KPY7jxqtNo9Fi97k1Kk96PW5WFtX\npEePsXTpMv6J2VTOo6XM9RwEQSAiIoLGjU0VGijHkug0AiuHfMOhDRtIa5mIwdFAtDSUla99a9RS\n3OHwvI1snvoLcR7R5A3MIjEghh0/LGX7J4ufoPVlw5L7CI+KwhqJhyE5+QYTP6rHpUtO6A07EMVT\nJKUMYc6cgezbt+DBDTwCdDodH35Ym+PHo9HrVwCh5OR8yl9/fc2CBW88EZvKefQ80Dm4urri5eVl\nsnobwMGDBxkwYECJ6bXLsQzh/xwhOSMWXT8BqmKc9zUFXR8t/05ZhEFvIONWCkd/3YwwRAt1Meor\nAkAYrCFi+zHiz197otdQWp4Fp5CfsjqIhQtex2DoiIG1GBWKNRCZCvzByhWfWMLEUrNly1dkZkqA\nA0AnwAd4AzjM0aN/kZoa90TsKufR8kDnIJVKWbt2LTKZDFEUC1Ro02q1tG/fnrCwMBYtWvRIDS0H\nQjccQGioLfpXqwp6lY64M9FE7QxBEiCBwithatDXEYjYbL7A7UnyrDmF/OQX0ZWWqMtnMfARRZWO\nfRH0ApGRB8psX2k5cGANMA5QFTriDwSxffv3j92mch49D9xzUKvVNG3aFDc3Ny5cuEDLli2JiIgA\njCrqc+fO4eLiYpENs3JKRpenKfr7vItagi5Piy5Pi0FlWm8iqkSEPPOU3U+KZ9UhmOKugyjNprUo\n6jHWVC2MDAk25OSkWca4UiAIOkzbBOCIRpNdzLFynmXM2nPIzs5GoTDKYA0GAzk5OeTk5HD69Ol7\n55TnfHn0+Lasj+ySCX+eAYY4HVXq+eDVLADZJZlRm5EfERSXVfi0qPNYbC0tz/JM4UGUZhbh7OSO\nhNUmjpwD0qlZ8/HXOalVKxD408SRLGA3zZsPecwWlfM4eKBzEEWRl156iZs3b+Lt7c2lS5dQqVSo\nVCoGDRpE165dad26dZGa0OVYnsavdUIepYQT3FdAJ4NivZJGwzqisremSn1fXGv6ItssN/52AfJA\nulOGnboi1ToUX3fjSfG8OoX8mOsgBg6ZjcgsYCX3PXwoEl6mSeOXUatLl+LdEgwc+AMSyWFgBkYF\nJxjl9T2pWNEbf/+Wj92mch49xTqHo0eP0qJFCyQSCQcOHMDLy4vU1FQCAgKIj4/n+vXr9OrViwED\nBjBixAiCg4Mfo9n/TWxdKjB09VSqJPog+58cSaIExTI1TV/pStsJ/e6d13fBOGr6N0X+iwLlAjWy\nuXJ8HesxZOUnSOVPj8L2eZ4tmMKcvYgGDboyfPhPKOVjAUckuCLhBYKatGD0mCeT3LJCBVemTduD\ntfUSjEXAPYHqeHrm8fXXJ56ITeU8eordc4iJiaF27drEx8cDFNhT+P3335k+fTr16tXjnXfeKZBW\no5xHi1M1N15b+ymZCak4Jbgy9vhc5IUEbkprFd1mvkXHqUPIuJWCrYsDVo9Yf1Ba3JPNr2PxvDHs\n2mcl7kO0avUGrVq9weXLR8nKSqVWrfYolcWl/3s8+Po2Yf78a8TGhnP7djR+fs0KFCgq5/njgQpp\nHx8fAgMD2bhxIx4eHty6dYuMjAwuX77MgQMH+OGHH2jQoAFr1qx5XDYDJSukL+85y4ml20iPTcLJ\npwrNhnfDq3nNYtsqTq2bl55NyPI9hP97BFFvoHr7QJq80bmAaMyg07Hn81WEbTmETiNgXdGeNu+/\nQt2+rcp8jabQCzrC1h3izNq9TH5jPAsPrKH5yG4PVZ3uSXB3phBcowZtL116ssYACVlZzDtyhO0X\nLyKTSOhZty6jmzalgpWVyfMtaffDqKvzs379dPbuWkyeJgcbazu6vvwBnTt/UOCcuLgLbNnyPy5d\nOs706aMJCZHQsuXryOXFpdItG1evnmLLljlcu3YOB4fKvPjiGwQFDShQETA9PYHt2+dx+vR2pFIZ\nzZv3pGPH0djY3P9d6XQChw8t4dTeXxg5/g02rDlBh26TcXevVWqbEhOvsW3bHMLC9qNUWtGqVT/a\ntRuJSvXol+ieZYW0WYn35s2bh5ubG4cOHcLHxwelUkmtWrV45513OHXqFGFhYfzxxx8WMbys7Jv5\nF5umzCemYiQZHZO5qjrP2nd/5OQfO0rVTk5KJot7TOPI7s2kBMWT+sJtToXsYlG3T0iLMWbQMxgM\nLOg4kZB/9yB00CAOMZBdM41/P1nErhnLH9BD6THo9KwZPps9v6/ktv8N9PY6LiQfY+krn3HtcITF\n+7MkT+MS0rXUVJr8/DMpx48zNyWFWcnJXDh4kOa//kpi9qOPwCmLJuKLGS3ZvOkPsnK/QmfYTXrW\nx6xa9SXz5rxy75yIiL3MmNGaY8fcSUpahFZbmZUr/2T27F5mFykqDSdOrOWbb7oTEtKQ5OQlXLny\nFosXf8+vvw6/F7CSmHiNTz5pwq5dKdy+PZf4+Fls2XKBadOak5Fh/F3p9Tp+md2ZyJUf8NWNM/jq\ntLQ+torvPmtS6mp416+fZdq0puzfryQx8VdiY2ewfv1ePv+8fXmU1QMwK1qpSpUqiKKIo6MjMpkM\na2trrKyscHFxwd7enmnTpj3WvErFkRQVS8iqvQivaY0V0qoATUD3mpb9368jOzHd7LYOzllPlms6\n+l6CscKZFxhe0qGpl8Ouz5cBcHLhDjJSk2EkUPtOfy2A1yFkxZ5Slds0h4hNx7h18yq6QVpjiLkC\nxNYGdD20bPl4AeJTmjL9aXMKd5n477+8nZfHfL2eFkAbYLleT8fMTL7cu/ex2PAwDuLMmU1EXzuP\nyFmMdekaYqwud5rTZ/4lJua88cVlwdtotcsxGKZjrMjkgFa7m6tXMzh+vHQlTh+EVpvLokWj0Wq3\nIYrj79jUD43mAKGhx+491FesmEh29tvodPPhzqgLwnLS0zuyfv2XABw7tgr51RPs1+bwMsa6UZ8a\n9KzW5rBiwZBSlQb4/ff3yMv7Br1+JkZRYSe02o3cvu3Ojh3zLDoGzxsPdA46nY6YmBhmz56NTCZj\n3759xMXFcevWLcLCwgDuCeGedH6l8H+OoK+rg8KBUxVAEgCR206a3VbExqMYmhYtVCM2Ebl2IMKY\n4+iv3cbKbIVz2lUx/juxYFtpL6FEzv4djBCoMWZ2zY8fCKKGuLNXLNqfJXhaHUOuILAlOpr3TKyq\njjcYWHnn3n4clNZBbN0yCwnDMW4O56cqMrqzadPnXLt2Co1GCXQudI4cjeZ99u5dWQaLixIWtgOJ\npAFGp5AfazSaUezfvxKtNpfz57cgiu8V+b5eP56jR402hQQv4ENNdpEN0U6ArSabK1fM2wRPTo4h\nPv4iRgeaHwmCMJ4DByzrIJ83HugcYmNjqV69OocPH0alUuHs7EyFChWoUKEClStXBowpNnx9fUlJ\nSXnkBpdEXlYOopXptwq9Wo82K8/stnS5QlEnA0YRmhT0GgFBozF9DoAt5GVYdtqqycotWv4TQAIS\nWwnabPOv71HzNC4j5Uej0yGlqJAcwAXI1BWulvRoKY2D0OTmIGI6IaYBd3JzM8jLy0Qicaao0hrA\nhbw8y85qje05F3PUhZycTARBAyWMuiAYbcrLzTDZkgRwlkjNtl2jyUIqdcR03I0LGo1lx+B544HO\nQa/Xk5eXx5w5c0o8LyoqigYNnmwMfdWgmiivmIjqMIA8WoFHE/OraFWuXxUiTRy4BjYuDqjsrXGv\nWx1MLfULQDT4d21idn/m4N20NtLLJkJRs0EXq8O1rrdF+3tYnmancBcHtRovOzuCTRzbCLSsUnzW\n1EeFuQ6iZp22SDH15m8A/qZhwx54eTVEpwsFbhc5Sy7fSO3altUmVK/eAr1+N0VLHoJSuZE6dV7A\n2toBBwcvKGbUvb2NNvnU7sQGWdEU84nAOZ0Gb+9As2xycfFDKs0ALhQ5JpFspEaNF8xq57+KWctK\npoiLiyM5OdniBpWF6i82wspgi2Sf1PiABtCAdLscJ/cquDeubnZbbT7oi3yvEvKvlCWA/F8lbcb1\nRSKR0HHqILgCHOW+XikHWAfWzvb4tLKsGrnJ6y8iD1cYS4XenSBlgvwfJfX6t3oqwlWfBccAxkCL\nqR06MEKh4Fy+zw8DE+RyJnfo8ETsMsdB9OnzJRLpZSRM4v7DOBMpI1ApNbRr9w62thVp3Xr4ncpz\n+RPj/YlcvoLOnd+1qN0uLn7UqdMRhWIocPe5ICCRzEOpPESrVq8jkUjo23cqSuUIKDTqSuUE+vad\nDEC7Fz9guULFCu7f5reAvkprWrV6E1tb84qKyeVKunX7CKVyEBB951MR+BeFYhY9epQnCy2JEp1D\nbm4uQUFBAJw7d47w8HAyMjIAWLduHQcOPP4kYCUhU8gZ8tdUPPTVkc1VoFxqhWyuAp+KdRjwx0el\nyv9UtUUtun39FlZb7VAuUKP8XY1qtRXtPhhA7V7GusgOns70XzQB+TGFsSrbz8AP4KCrxPCtX1v8\n+uzdnBi4fBKOEa7If1IiSZIi/1VB/TZt6PjJYIv3V1qeFcdwl4H16jG5c2c6q1TUUyqpqVQy2Nqa\nub1708HX98ENPCHUamumf7ofG6vlgDNSagKVcbAP5ouvTt4LGx006Fvatg1CoaiNlVUQEkkYrq4/\nMGnSvzg5eVncrlGj/iAoqBJyuR9WVs1QKr3w9FzL1Kl774WptmgxkIEDJ2Nl1Rm1uh5q